# beams, thick
18654
43857
32523
32316
32524
40490
32525
41239
32278
# beams, thin
41677
6632
32449
32017
32063
32065
# bent, L, T, frames
32140
32526
6629
32271
32009
32348
60484
60483
32056
33299
64178
64179
39794
# technic bricks and plates
3700
3701
3702
3703
3894
3895
32000
2730
6541
32064
3709
32530
3738
2445
# pins
2780
3673
6558
32556
4274
32054
43093
3749
32002
15100
87082
32138
89678
32062
# axles
3704
4519
3705
32073
3706
44294
3707
60485
3737
23948
3708
6587
32209
24316
87083
15462
# bushes
3713
32123
6590
# connectors
32013
32034
32016
32192
32015
32014
32039
6538
59443
62462
32557
6536
32184
42003
41678
32291
63869
55615
44809
32072
15461
18651
27940
# gears
3647
3648
3649
4019
94925
32270
32269
32498
6589
32198
4716
3743
87407
62821
3650
# wheels and tyres
56145
56904
44309
30391
56891
32019
32020
86652
2903
2902
# panels
64391
64393
64394
64682
64681
64392
